[IMG_20150129_150658821.jpg]
filters=unsharp2=1,1.491228;bw=1;
moddate=2193584b083cd001
width=2592
height=1456
textactive=0
[IMG_20150129_150658821.1.jpg]
filters=crop64=1,2c41d30ffff9a32;fill=1,0.439252;
crop=rect64(2c41d30ffff9a32)
moddate=9f45babf1e3cd001
width=2592
height=1456
textactive=0
